0 4054
1 3716
2 2367
3 1988
4 1965
5 1457
6 1387
7 1162
8 1060
9 960
10 826
11 804
12 797
13 782
14 739
15 662
16 661
17 661
18 646
19 645
20 643
21 625
22 591
23 569
24 559
25 510
26 508
27 476
28 426
29 378
30 348
31 335
32 332
33 318
34 316
35 310
36 310
37 309
38 308
39 302
40 293
41 289
42 286
43 278
44 276
45 265
46 249
47 245
48 243
49 241
50 238
51 232
52 229
53 227
54 219
55 213
56 211
57 211
58 207
59 206
60 205
61 200
62 197
63 193
64 193
65 188
66 188
67 176
68 175
69 173
70 172
71 167
72 165
73 163
74 163
75 162
76 159
77 157
78 157
79 156
80 154
81 153
82 150
83 144
84 143
85 141
86 140
87 140
88 140
89 139
90 137
91 137
92 136
93 135
94 135
95 135
96 134
97 134
98 130
99 128
100 127
101 125
102 124
103 123
104 121
105 120
106 119
107 118
108 116
109 116
110 115
111 114
112 111
113 111
114 109
115 108
116 107
117 106
118 106
119 106
120 105
121 104
122 103
123 101
124 100
125 100
126 100
127 98
128 95
129 93
130 93
131 92
132 91
133 91
134 90
135 90
136 90
137 90
138 89
139 89
140 87
141 87
142 86
143 86
144 85
145 85
146 84
147 84
148 84
149 84
150 83
151 82
152 82
153 82
154 81
155 81
156 80
157 80
158 80
159 80
160 80
161 79
162 79
163 78
164 78
165 78
166 78
167 78
168 77
169 77
170 76
171 76
172 75
173 74
174 74
175 73
176 73
177 71
178 71
179 71
180 71
181 71
182 70
183 70
184 69
185 68
186 68
187 67
188 67
189 67
190 67
191 66
192 66
193 66
194 66
195 65
196 65
197 64
198 64
199 64
200 62
201 62
202 62
203 62
204 61
205 60
206 60
207 59
208 59
209 59
210 58
211 58
212 57
213 57
214 57
215 56
216 55
217 55
218 55
219 54
220 54
221 54
222 54
223 54
224 54
225 54
226 54
227 54
228 53
229 52
230 52
231 52
232 52
233 52
234 51
235 51
236 51
237 50
238 50
239 50
240 50
241 50
242 50
243 49
244 49
245 49
246 49
247 48
248 48
249 48
250 48
251 47
252 47
253 47
254 47
255 47
256 46
257 46
258 46
259 46
260 46
261 45
262 45
263 45
264 45
265 45
266 45
267 45
268 45
269 45
270 45
271 45
272 44
273 44
274 44
275 44
276 44
277 44
278 43
279 43
280 43
281 43
282 43
283 42
284 42
285 42
286 42
287 42
288 42
289 42
290 42
291 42
292 41
293 41
294 41
295 41
296 41
297 41
298 41
299 40
300 40
301 40
302 40
303 40
304 40
305 40
306 40
307 40
308 39
309 39
310 39
311 39
312 39
313 39
314 39
315 39
316 38
317 38
318 38
319 38
320 38
321 38
322 37
323 37
324 37
325 37
326 37
327 37
328 37
329 37
330 37
331 36
332 36
333 36
334 36
335 36
336 36
337 36
338 36
339 36
340 36
341 36
342 35
343 35
344 35
345 34
346 34
347 34
348 34
349 34
350 34
351 34
352 33
353 33
354 33
355 33
356 33
357 33
358 33
359 33
360 33
361 33
362 33
363 32
364 32
365 32
366 32
367 32
368 32
369 32
370 32
371 32
372 32
373 31
374 31
375 31
376 31
377 31
378 30
379 30
380 30
381 30
382 30
383 30
384 30
385 30
386 30
387 30
388 30
389 30
390 30
391 29
392 29
393 29
394 29
395 29
396 29
397 29
398 29
399 29
400 29
401 29
402 29
403 29
404 29
405 29
406 29
407 29
408 29
409 29
410 28
411 28
412 28
413 28
414 28
415 28
416 28
417 28
418 28
419 28
420 28
421 28
422 28
423 28
424 28
425 28
426 28
427 28
428 28
429 27
430 27
431 27
432 27
433 27
434 27
435 27
436 27
437 27
438 27
439 27
440 27
441 27
442 27
443 27
444 26
445 26
446 26
447 26
448 26
449 26
450 26
451 26
452 26
453 26
454 26
455 26
456 26
457 25
458 25
459 25
460 25
461 25
462 25
463 25
464 25
465 25
466 25
467 25
468 25
469 25
470 25
471 24
472 24
473 24
474 24
475 24
476 24
477 24
478 24
479 24
480 24
481 24
482 24
483 24
484 24
485 24
486 24
487 24
488 24
489 24
490 24
491 24
492 24
493 24
494 24
495 23
496 23
497 23
498 23
499 23
500 23
501 23
502 23
503 23
504 23
505 23
506 23
507 23
508 22
509 22
510 22
511 22
512 22
513 22
514 22
515 22
516 22
517 22
518 22
519 22
520 22
521 22
522 22
523 22
524 22
525 21
526 21
527 21
528 21
529 21
530 21
531 21
532 21
533 21
534 21
535 21
536 21
537 21
538 21
539 21
540 21
541 21
542 21
543 21
544 21
545 21
546 20
547 20
548 20
549 20
550 20
551 20
552 20
553 20
554 20
555 20
556 20
557 20
558 20
559 20
560 20
561 20
562 20
563 20
564 20
565 20
566 20
567 20
568 20
569 20
570 20
571 20
572 20
573 20
574 19
575 19
576 19
577 19
578 19
579 19
580 19
581 19
582 19
583 19
584 19
585 19
586 19
587 19
588 19
589 19
590 19
591 19
592 19
593 19
594 19
595 18
596 18
597 18
598 18
599 18
600 18
601 18
602 18
603 18
604 18
605 18
606 18
607 18
608 18
609 18
610 18
611 18
612 18
613 18
614 18
615 18
616 18
617 18
618 18
619 18
620 18
621 18
622 18
623 18
624 18
625 18
626 18
627 18
628 18
629 18
630 18
631 18
632 18
633 17
634 17
635 17
636 17
637 17
638 17
639 17
640 17
641 17
642 17
643 17
644 17
645 17
646 17
647 17
648 17
649 17
650 17
651 17
652 17
653 17
654 17
655 17
656 17
657 17
658 17
659 17
660 17
661 17
662 17
663 17
664 16
665 16
666 16
667 16
668 16
669 16
670 16
671 16
672 16
673 16
674 16
675 16
676 16
677 16
678 16
679 16
680 16
681 16
682 16
683 16
684 16
685 16
686 16
687 16
688 16
689 16
690 16
691 16
692 16
693 16
694 16
695 16
696 16
697 16
698 16
699 16
700 15
701 15
702 15
703 15
704 15
705 15
706 15
707 15
708 15
709 15
710 15
711 15
712 15
713 15
714 15
715 15
716 15
717 15
718 15
719 15
720 15
721 15
722 15
723 15
724 15
725 15
726 15
727 15
728 15
729 15
730 15
731 15
732 15
733 15
734 15
735 15
736 15
737 15
738 15
739 15
740 15
741 15
742 15
743 15
744 15
745 15
746 15
747 15
748 15
749 15
750 15
751 15
752 15
753 15
754 15
755 15
756 15
757 15
758 15
759 15
760 15
761 14
762 14
763 14
764 14
765 14
766 14
767 14
768 14
769 14
770 14
771 14
772 14
773 14
774 14
775 14
776 14
777 14
778 14
779 14
780 14
781 14
782 14
783 14
784 14
785 14
786 14
787 14
788 14
789 14
790 14
791 14
792 14
793 14
794 14
795 14
796 14
797 14
798 14
799 14
800 14
801 14
802 14
803 14
804 14
805 14
806 14
807 14
808 14
809 14
810 14
811 14
812 14
813 14
814 14
815 14
816 14
817 13
818 13
819 13
820 13
821 13
822 13
823 13
824 13
825 13
826 13
827 13
828 13
829 13
830 13
831 13
832 13
833 13
834 13
835 13
836 13
837 13
838 13
839 13
840 13
841 13
842 13
843 13
844 13
845 13
846 13
847 13
848 13
849 13
850 13
851 13
852 13
853 13
854 13
855 13
856 13
857 13
858 13
859 13
860 13
861 13
862 13
863 13
864 13
865 13
866 13
867 13
868 13
869 13
870 13
871 13
872 13
873 13
874 12
875 12
876 12
877 12
878 12
879 12
880 12
881 12
882 12
883 12
884 12
885 12
886 12
887 12
888 12
889 12
890 12
891 12
892 12
893 12
894 12
895 12
896 12
897 12
898 12
899 12
900 12
901 12
902 12
903 12
904 12
905 12
906 12
907 12
908 12
909 12
910 12
911 12
912 12
913 12
914 12
915 12
916 12
917 12
918 12
919 12
920 12
921 12
922 12
923 12
924 12
925 12
926 12
927 12
928 12
929 12
930 12
931 12
932 12
933 12
934 12
935 12
936 12
937 12
938 12
939 12
940 12
941 12
942 12
943 12
944 12
945 12
946 12
947 12
948 12
949 12
950 12
951 12
952 12
953 12
954 12
955 12
956 12
957 11
958 11
959 11
960 11
961 11
962 11
963 11
964 11
965 11
966 11
967 11
968 11
969 11
970 11
971 11
972 11
973 11
974 11
975 11
976 11
977 11
978 11
979 11
980 11
981 11
982 11
983 11
984 11
985 11
986 11
987 11
988 11
989 11
990 11
991 11
992 11
993 11
994 11
995 11
996 11
997 11
998 11
999 11
1000 11
1001 11
1002 11
1003 11
1004 11
1005 11
1006 11
1007 11
1008 11
1009 11
1010 11
1011 11
1012 11
1013 11
1014 11
1015 11
1016 11
1017 11
1018 11
1019 11
1020 11
1021 11
1022 11
1023 11
1024 11
1025 11
1026 11
1027 11
1028 11
1029 11
1030 11
1031 11
1032 11
1033 11
1034 11
1035 11
1036 10
1037 10
1038 10
1039 10
1040 10
1041 10
1042 10
1043 10
1044 10
1045 10
1046 10
1047 10
1048 10
1049 10
1050 10
1051 10
1052 10
1053 10
1054 10
1055 10
1056 10
1057 10
1058 10
1059 10
1060 10
1061 10
1062 10
1063 10
1064 10
1065 10
1066 10
1067 10
1068 10
1069 10
1070 10
1071 10
1072 10
1073 10
1074 10
1075 10
1076 10
1077 10
1078 10
1079 10
1080 10
1081 10
1082 10
1083 10
1084 10
1085 10
1086 10
1087 10
1088 10
1089 10
1090 10
1091 10
1092 10
1093 10
1094 10
1095 10
1096 10
1097 10
1098 10
1099 10
1100 10
1101 10
1102 10
1103 10
1104 10
1105 10
1106 10
1107 10
1108 10
1109 10
1110 10
1111 10
1112 10
1113 10
1114 10
1115 10
1116 10
1117 10
1118 10
1119 10
1120 10
1121 10
1122 10
1123 10
1124 10
1125 10
1126 10
1127 10
1128 10
1129 10
1130 10
1131 10
1132 10
1133 10
1134 10
1135 10
1136 10
1137 10
1138 10
1139 10
1140 10
1141 10
1142 10
1143 10
1144 10
1145 10
1146 10
1147 10
1148 10
1149 10
1150 10
1151 10
1152 10
1153 10
1154 10
1155 10
1156 9
1157 9
1158 9
1159 9
1160 9
1161 9
1162 9
1163 9
1164 9
1165 9
1166 9
1167 9
1168 9
1169 9
1170 9
1171 9
1172 9
1173 9
1174 9
1175 9
1176 9
1177 9
1178 9
1179 9
1180 9
1181 9
1182 9
1183 9
1184 9
1185 9
1186 9
1187 9
1188 9
1189 9
1190 9
1191 9
1192 9
1193 9
1194 9
1195 9
1196 9
1197 9
1198 9
1199 9
1200 9
1201 9
1202 9
1203 9
1204 9
1205 9
1206 9
1207 9
1208 9
1209 9
1210 9
1211 9
1212 9
1213 9
1214 9
1215 9
1216 9
1217 9
1218 9
1219 9
1220 9
1221 9
1222 9
1223 9
1224 9
1225 9
1226 9
1227 9
1228 9
1229 9
1230 9
1231 9
1232 9
1233 9
1234 9
1235 9
1236 9
1237 9
1238 9
1239 9
1240 9
1241 9
1242 9
1243 9
1244 9
1245 9
1246 9
1247 9
1248 9
1249 9
1250 9
1251 9
1252 9
1253 9
1254 9
1255 9
1256 9
1257 9
1258 9
1259 9
1260 9
1261 9
1262 9
1263 9
1264 9
1265 9
1266 9
1267 9
1268 9
1269 9
1270 9
1271 9
1272 9
1273 9
1274 9
1275 9
1276 9
1277 9
1278 8
1279 8
1280 8
1281 8
1282 8
1283 8
1284 8
1285 8
1286 8
1287 8
1288 8
1289 8
1290 8
1291 8
1292 8
1293 8
1294 8
1295 8
1296 8
1297 8
1298 8
1299 8
1300 8
1301 8
1302 8
1303 8
1304 8
1305 8
1306 8
1307 8
1308 8
1309 8
1310 8
1311 8
1312 8
1313 8
1314 8
1315 8
1316 8
1317 8
1318 8
1319 8
1320 8
1321 8
1322 8
1323 8
1324 8
1325 8
1326 8
1327 8
1328 8
1329 8
1330 8
1331 8
1332 8
1333 8
1334 8
1335 8
1336 8
1337 8
1338 8
1339 8
1340 8
1341 8
1342 8
1343 8
1344 8
1345 8
1346 8
1347 8
1348 8
1349 8
1350 8
1351 8
1352 8
1353 8
1354 8
1355 8
1356 8
1357 8
1358 8
1359 8
1360 8
1361 8
1362 8
1363 8
1364 8
1365 8
1366 8
1367 8
1368 8
1369 8
1370 8
1371 8
1372 8
1373 8
1374 8
1375 8
1376 8
1377 8
1378 8
1379 8
1380 8
1381 8
1382 8
1383 8
1384 8
1385 8
1386 8
1387 8
1388 8
1389 8
1390 8
1391 8
1392 8
1393 8
1394 8
1395 8
1396 8
1397 8
1398 8
1399 8
1400 8
1401 8
1402 8
1403 8
1404 8
1405 8
1406 8
1407 8
1408 8
1409 8
1410 8
1411 8
1412 8
1413 8
1414 8
1415 8
1416 8
1417 8
1418 8
1419 8
1420 8
1421 8
1422 8
1423 8
1424 8
1425 8
1426 8
1427 8
1428 8
1429 7
1430 7
1431 7
1432 7
1433 7
1434 7
1435 7
1436 7
1437 7
1438 7
1439 7
1440 7
1441 7
1442 7
1443 7
1444 7
1445 7
1446 7
1447 7
1448 7
1449 7
1450 7
1451 7
1452 7
1453 7
1454 7
1455 7
1456 7
1457 7
1458 7
1459 7
1460 7
1461 7
1462 7
1463 7
1464 7
1465 7
1466 7
1467 7
1468 7
1469 7
1470 7
1471 7
1472 7
1473 7
1474 7
1475 7
1476 7
1477 7
1478 7
1479 7
1480 7
1481 7
1482 7
1483 7
1484 7
1485 7
1486 7
1487 7
1488 7
1489 7
1490 7
1491 7
1492 7
1493 7
1494 7
1495 7
1496 7
1497 7
1498 7
1499 7
1500 7
1501 7
1502 7
1503 7
1504 7
1505 7
1506 7
1507 7
1508 7
1509 7
1510 7
1511 7
1512 7
1513 7
1514 7
1515 7
1516 7
1517 7
1518 7
1519 7
1520 7
1521 7
1522 7
1523 7
1524 7
1525 7
1526 7
1527 7
1528 7
1529 7
1530 7
1531 7
1532 7
1533 7
1534 7
1535 7
1536 7
1537 7
1538 7
1539 7
1540 7
1541 7
1542 7
1543 7
1544 7
1545 7
1546 7
1547 7
1548 7
1549 7
1550 7
1551 7
1552 7
1553 7
1554 7
1555 7
1556 7
1557 7
1558 7
1559 7
1560 7
1561 7
1562 7
1563 7
1564 7
1565 7
1566 7
1567 7
1568 7
1569 7
1570 7
1571 7
1572 7
1573 7
1574 7
1575 7
1576 7
1577 7
1578 7
1579 7
1580 7
1581 7
1582 7
1583 7
1584 7
1585 7
1586 7
1587 7
1588 7
1589 7
1590 7
1591 7
1592 7
1593 7
1594 7
1595 7
1596 7
1597 7
1598 7
1599 7
1600 7
1601 7
1602 7
1603 7
1604 7
1605 7
1606 7
1607 7
1608 7
1609 7
1610 7
1611 7
1612 7
1613 7
1614 7
1615 7
1616 7
1617 7
1618 7
1619 7
1620 7
1621 7
1622 7
1623 7
1624 7
1625 7
1626 7
1627 7
1628 6
1629 6
1630 6
1631 6
1632 6
1633 6
1634 6
1635 6
1636 6
1637 6
1638 6
1639 6
1640 6
1641 6
1642 6
1643 6
1644 6
1645 6
1646 6
1647 6
1648 6
1649 6
1650 6
1651 6
1652 6
1653 6
1654 6
1655 6
1656 6
1657 6
1658 6
1659 6
1660 6
1661 6
1662 6
1663 6
1664 6
1665 6
1666 6
1667 6
1668 6
1669 6
1670 6
1671 6
1672 6
1673 6
1674 6
1675 6
1676 6
1677 6
1678 6
1679 6
1680 6
1681 6
1682 6
1683 6
1684 6
1685 6
1686 6
1687 6
1688 6
1689 6
1690 6
1691 6
1692 6
1693 6
1694 6
1695 6
1696 6
1697 6
1698 6
1699 6
1700 6
1701 6
1702 6
1703 6
1704 6
1705 6
1706 6
1707 6
1708 6
1709 6
1710 6
1711 6
1712 6
1713 6
1714 6
1715 6
1716 6
1717 6
1718 6
1719 6
1720 6
1721 6
1722 6
1723 6
1724 6
1725 6
1726 6
1727 6
1728 6
1729 6
1730 6
1731 6
1732 6
1733 6
1734 6
1735 6
1736 6
1737 6
1738 6
1739 6
1740 6
1741 6
1742 6
1743 6
1744 6
1745 6
1746 6
1747 6
1748 6
1749 6
1750 6
1751 6
1752 6
1753 6
1754 6
1755 6
1756 6
1757 6
1758 6
1759 6
1760 6
1761 6
1762 6
1763 6
1764 6
1765 6
1766 6
1767 6
1768 6
1769 6
1770 6
1771 6
1772 6
1773 6
1774 6
1775 6
1776 6
1777 6
1778 6
1779 6
1780 6
1781 6
1782 6
1783 6
1784 6
1785 6
1786 6
1787 6
1788 6
1789 6
1790 6
1791 6
1792 6
1793 6
1794 6
1795 6
1796 6
1797 6
1798 6
1799 6
1800 6
1801 6
1802 6
1803 6
1804 6
1805 6
1806 6
1807 6
1808 6
1809 6
1810 6
1811 6
1812 6
1813 6
1814 6
1815 6
1816 6
1817 6
1818 6
1819 6
1820 6
1821 6
1822 6
1823 6
1824 6
1825 6
1826 6
1827 6
1828 6
1829 6
1830 6
1831 6
1832 6
1833 6
1834 6
1835 6
1836 6
1837 6
1838 6
1839 6
1840 6
1841 6
1842 6
1843 6
1844 6
1845 6
1846 6
1847 6
1848 6
1849 6
1850 6
1851 6
1852 6
1853 6
1854 6
1855 6
1856 6
1857 6
1858 6
1859 6
1860 6
1861 6
1862 6
1863 6
1864 6
1865 6
1866 6
1867 6
1868 6
1869 6
1870 6
1871 6
1872 6
1873 6
1874 6
1875 6
1876 6
1877 6
1878 6
1879 6
1880 6
1881 6
1882 6
1883 6
1884 6
1885 6
1886 6
1887 6
1888 6
1889 6
1890 6
1891 6
1892 6
1893 6
1894 6
1895 6
1896 6
1897 6
1898 6
1899 6
1900 6
1901 6
1902 6
1903 6
1904 6
1905 6
1906 6
1907 6
1908 6
1909 6
1910 6
1911 6
